5511961848669
5511910857672
5511974535496
5511910808612
5511910720591
5511953096003
5511910971188
5511934595421
5511942832386
5511910836722
5511911047983
5511995513561
5511910823294
5511910818697
5511910484664
5511910843369
5511910821280
5511910819020
5511910851872
5511910850336
5511910894722
5511910898335
5511910828799
5511910736335
5511910896698
5511934894400
5511941853357
5511910915125
5511999071491
5511950829896
5519999836229
5516996182886
5592992266329
5515996368232
5511941378284
5596991477992
5565993069698
5591993804164
5567998276481
5562985340587
5585981608090
5553997043376
5554999279377
5562999251973
5537999824065
5512997972713
5511973629597
5511975491666